8030.655511  
7912.47566  
7886.20211  
7878.168224  
7948.44089  
7874.978498  
7875.425788  
7914.347791  
7919.182221  
7882.357075  
7898.564881  
7969.344504  
7912.694131  
7899.914561  
7891.318299  
7906.473173  
7904.696852  
7899.446565  
7879.305721  
7959.707399  
7915.845466  
7955.241444  
7909.523169  
7951.231166  
7881.058035  
7928.522815  
7896.890253  
7948.033263  
7880.818855  
7943.583751  
7908.542509  
7946.143417  
7936.19406  
7943.821579  
7954.724429  
7918.47169  
7934.462622  
7881.555257  
7918.057076  
7970.327686  
7878.444233  
7943.54794  
7949.150759  
7954.276388  
7937.119289  
7929.561831  
7868.462374  
7925.081628  
7897.356318  
7925.06871  
7928.699056  
7891.467455  
7887.052271  
7932.13502  
7946.150086  
7890.535315  
7894.074654  
7971.517458  
7902.284534  
7942.336224  
7909.169731  
7889.499179  
7923.703627  
7937.549465  
7867.80381  
7953.991586  
7920.850267  
7964.91725  
7921.226853  
7976.277708  
7956.336758  
7912.906349  
7911.259759  
7911.097271  
7927.113108  
7912.234555  
7873.478512  
7944.317443  
7926.605065  
7874.969143  
7967.757583  
7897.053113  
7859.056963  
7947.956232  
7922.659417  
7931.138789  
7910.514889  
7905.995237  
7928.747187  
7910.843156  
7914.004855  
7936.029148  
7890.087342  
7910.316442  
7998.022556  
7939.936913  
7941.834536  
7938.193766  
7904.126387  
7898.289866  
7917.530022  
7916.071661  
7886.127063  
7919.909452  
7933.872038  
7943.274449  
7953.572036  
7892.835085  
7910.217356  
7913.008814  
7896.731643  
7881.70822  
7944.465282  
7914.782637  
7921.9828  
7877.133924  
7889.006242  
7902.011652  
7901.723141  
7854.527471  
7844.915662  
7877.874253  
7937.314948  
7903.503135  
7880.99862  
7939.635059  
7890.861151  
7906.886952  
7901.67921  
7944.465654  
7952.319435  
7920.011347  
7942.89227  
7958.724475  
7869.456299  
7910.895784  
7923.92841  
7927.023236  
7954.389748  
7890.354998  
7955.978983  
7930.384451  
7995.207208  
7942.620294  
7939.450224  
7920.035054  
7934.731336  
7975.130753  
7895.402974  
7905.0252  
7910.801061  
7905.334037  
7880.432359  
7892.848551  
7969.633064  
7912.323002  
7935.558038  
7894.256804  
7954.963499  
7921.532782  
7916.490121  
7866.70483  
7921.839748  
7885.459437  
7887.287654  
7897.408596  
7922.453829  
7976.429288  
7947.587908  
7912.906752  
7926.667424  
7994.59934  
7947.930993  
7938.960739  
7932.690256  
7935.453203  
7908.836974  
7867.133421  
7907.742821  
7926.713871  
7873.288833  
7915.620673  
7906.038358  
7934.979107  
7917.173301  
7910.22854  
7893.343417  
7947.643664  
7920.622084  
7952.814803  
7890.91292  
7935.700326  
7894.720172  
7887.852797  
7958.942369  
7867.157354  
7898.602705  
7878.600671  
7941.309365  
7907.002993  
7938.387791  
7855.911391  
7928.86539  
7912.402669  
7881.246805  
7895.664951  
7923.307019  
7923.2241  
7921.596036  
7921.234552  
7934.28038  
7920.83183  
7912.617577  
7974.164742  
7914.607432  
7915.685568  
7920.782566  
7905.13047  
7927.849394  
7879.93514  
7894.961334  
7913.515515  
7878.013629  
7938.747488  
7965.195185  
7867.885456  
7859.898926  
7923.213312  
7888.732319  
7913.987227  
7968.769726  
7896.98895  
7898.043959  
7887.292866  
7888.582877  
7896.455765  
7935.692645  
7917.834066  
7938.443044  
7865.103296  
7926.519022  
7901.074035  
7881.304093  
7971.120506  
7953.20735  
7957.776831  
7906.312058  
7890.210205  
7891.279789  
7881.155797  
7925.186191  
7877.193604  
7928.372208  
7924.592083  
7883.019269  
7944.664526  
7886.657591  
7912.592257  
7906.570224  
7918.23193  
7935.069053  
7906.037944  
7883.452177  
7995.669692  
7948.463577  
7914.027323  
7919.101792  
7906.340888  
7905.368373  
7928.909583  
7874.492722  
7968.548393  
7944.334165  
7900.274605  
7939.568678  
7898.366236  
7920.844164  
7897.919561  
7903.301507  
7932.067068  
7939.122173  
7869.794748  
7921.990188  
7889.626383  
7875.341273  
7961.240514  
7912.394814  
7901.988476  
7913.995517  
7951.860394  
7904.425166  
7916.573058  
7894.495453  
7912.504869  
7972.486509  
7900.859354  
7926.108038  
7967.311025  
7944.848421  
7946.853806  
7912.168485  
7927.141881  
7982.005948  
7878.496479  
7881.115429  
7867.810083  
7952.555063  
7970.762306  
7906.482206  
7925.507498  
7916.93393  
7909.779085  
7858.032793  
7867.004271  
7951.645536  
7906.360256  
7870.392005  
7898.594242  
7916.654435  
7950.709402  
7921.592646  
8027.206182  
7908.462951  
7931.734736  
7955.415641  
7979.664494  
7907.925197  
7889.163082  
7831.083574  
7914.714911  
7909.497994  
7893.412067  
7923.448486  
7908.201607  
7923.523211  
7926.020469  
7898.879027  
7897.141701  
7881.537541  
7845.938983  
7887.938222  
7960.974868  
7911.522245  
7920.653257  
7881.159785  
7918.130774  
7928.231509  
7920.385785  
7866.089847  
7924.589929  
7899.622548  
7910.199484  
7944.077198  
7999.544055  
7946.674384  
7938.431623  
7931.15182  
7906.450064  
7938.225558  
7906.957643  
7912.552989  
7961.019655  
7893.418188  
7938.068211  
7847.131609  
7928.274672  
7909.170049  
7953.805147  
7912.591489  
7953.181057  
7954.120163  
7957.711178  
7889.100076  
7961.169993  
7868.319028  
7929.659109  
7901.671808  
7871.676531  
7896.864053  
7892.060653  
7928.14013  
7975.318834  
7936.448794  
7948.218102  
7967.051991  
7920.277733  
7991.707951  
7954.771711  
7934.437854  
7940.020911  
7918.100402  
7941.906144  
7864.525408  
7959.171199  
7959.384642  
7927.63938  
7906.960538  
7893.834444  
7903.205757  
7920.516644  
7943.529201  
7901.302918  
7903.615493  
7937.802922  
7918.337431  
7900.0038  
7990.77238  
7913.483229  
7887.447673  
7889.055707  
7896.130438  
7914.642766  
7925.019259  
7909.345629  
7925.668691  
7966.041083  
7917.97756  
7846.305041  
7905.633789  
7895.527422  
7925.567461  
8001.235858  
7911.200769  
7937.862248  
7867.388527  
7873.785825  
7879.694354  
7899.332799  
7930.64934  
7930.574279  
7922.158812  
7879.563402  
7918.525143  
7916.850144  
7924.276031  
7961.508548  
7912.774655  
7904.094893  
7916.318497  
7917.344822  
7876.176316  
7888.663231  
7986.803516  
7858.459331  
7944.156844  
7930.659983  
7906.052621  
7906.683955  
7910.641499  
7927.376295  
7922.346513  
7916.768512  
7904.803973  
7903.232185  
7965.678644  
7936.402988  
7853.987489  
7916.596156  
7987.643647  
7925.377123  
7926.498079  
7903.551761  
7909.724302  
7938.416147  
7888.267412  
7940.446487  
7963.75431  
7943.072892  
7875.764263  
7951.872746  
7930.738971  
7858.770515  
7964.598304  
7940.794872  
7923.267214  
7897.373033  
7955.889995  
7918.437192  
7902.204342  
7936.556294  
7908.46564  
7984.625778  
7898.163578  
7955.967239  
7908.427002  
7881.613295  
7908.846128  
7956.317457  
7966.257689  
7917.482026  
7926.430685  
7900.76382  
7939.499904  
7872.832357  
7923.442528  
7877.036848  
7907.900996  
7906.811428  
7908.870457  
7872.837063  
7919.229365  
7897.961896  
7917.984432  
7881.548849  
7909.533125  
7902.247891  
7911.029421  
7884.933912  
7897.035089  
7903.772121  
7950.436049  
7918.095678  
7912.105115  
7949.790425  
7985.354531  
7888.748443  
7956.303523  
7876.919752  
7882.924047  
7885.502378  
7937.204558  
7907.061545  
7914.557709  
7962.292955  
7942.440851  
7871.151169  
7928.146223  
7912.645066  
7907.85457  
7937.076331  
7894.563827  
7893.357645  
7959.920555  
7911.25397  
7906.523621  
7922.199017  
7947.668956  
7893.137235  
7940.094624  
7874.540768  
7915.174748  
7909.750513  
7895.224811  
7907.07855  
7901.24332  
7971.602104  
7935.924635  
7844.172239  
7975.819212  
7942.663511  
7980.106424  
7955.494618  
7949.230189  
7963.884458  
8004.637327  
7925.868836  
7917.394938  
7870.149276  
7921.96926  
7861.692659  
7870.681329  
7909.451105  
7937.592165  
7889.168945  
7964.979821  
7880.58006  
7928.651703  
7907.641453  
7961.566481  
7886.900536  
7910.122636  
7959.939966  
7952.532386  
7967.67824  
7897.670605  
7947.715951  
7938.082272  
7916.053891  
7924.481633  
7922.594815  
7863.271364  
7918.259334  
7937.593258  
7919.532814  
7876.429744  
7881.434708  
7907.963906  
7901.781381  
7895.029867  
7828.189283  
7984.357684  
7901.436527  
7919.031561  
7901.29455  
7890.192224  
7909.781763  
7916.579491  
7901.842066  
7991.220735  
7948.539006  
7922.681025  
7918.758216  
7937.51951  
7840.361625  
7893.725621  
7895.921005  
7879.224471  
7895.183838  
7977.374568  
7927.802158  
7895.046327  
7862.575224  
7894.17046  
7869.973739  
7930.512617  
7879.020324  
7929.979082  
7837.870506  
7937.051659  
7928.653487  
7928.508782  
7903.866685  
7941.992506  
7933.850678  
7875.388481  
7940.724843  
7986.968499  
7904.158302  
7922.129586  
7969.158706  
7940.973102  
7950.77175  
7883.761443  
7976.823207  
7988.878966  
7963.811028  
7954.516379  
7928.021467  
7896.543167  
7904.931379  
7889.951897  
7923.252703  
7938.970342  
7932.837006  
7953.944124  
7902.919575  
7939.253616  
7935.612372  
7897.513077  
7885.642217  
7902.65481  
7923.384348  
7938.28908  
7911.99908  
7923.963082  
7897.32763  
7881.412909  
7900.241887  
7865.016396  
7951.519004  
7889.634826  
7926.324509  
7929.503535  
7926.003305  
7935.290495  
7930.018947  
7934.650012  
7858.110146  
7914.576331  
7877.626652  
7935.777719  
7948.468863  
7945.030118  
7857.932362  
7898.985412  
7891.395851  
7928.320557  
7968.570401  
7932.474638  
7916.512957  
7924.180498  
7884.860337  
7941.230522  
7915.397829  
7898.539087  
7909.451119  
7932.078889  
7919.199297  
7932.171079  
7974.777616  
7914.153745  
7977.060671  
7891.703953  
7929.236162  
7923.411437  
7879.905847  
7954.537743  
7921.147733  
7915.530093  
7920.405415  
7928.888159  
7913.001376  
7928.864527  
7913.482468  
7958.965396  
7856.667311  
7923.210662  
7899.48199  
7958.37869  
7919.312139  
7906.843007  
7955.115677  
7937.88789  
7932.44394  
7935.237637  
7933.696116  
7874.867785  
7833.019896  
7893.855504  
7939.923598  
7914.620467  
7892.49136  
7947.949767  
7828.385969  
7858.520437  
7869.927451  
7903.454424  
7913.508495  
7904.693922  
7953.988133  
7918.807865  
7925.945383  
7899.674189  
7879.302557  
7933.119601  
7910.948097  
7926.736296  
7915.127908  
7973.307543  
7962.679981  
7953.745061  
7940.000149  
7910.613504  
7997.295969  
7929.907637  
7954.572934  
7958.477925  
7893.791083  
8011.925792  
7924.406423  
7945.52135  
7999.572938  
7912.969688  
7938.44981  
7882.351906  
7919.518024  
7907.759497  
7872.896509  
7938.0903  
7968.01151  
7875.94014  
7908.673099  
7864.393123  
7964.316661  
7901.09732  
7917.013021  
7916.380796  
7940.311637  
7859.72243  
7931.068059  
7893.719256  
7967.277043  
7878.683339  
7939.050006  
7965.82608  
7911.669465  
7917.926202  
7944.632812  
7908.74309  
7890.20827  
7943.566293  
7957.700089  
7913.662775  
7908.696526  
7901.038539  
7917.8316  
7928.136252  
7920.454876  
7931.072145  
7932.132728  
7941.533684  
7900.489452  
7939.995181  
7890.976421  
7947.334087  
7891.404966  
7912.553831  
7951.013085  
7896.995751  
7910.408055  
7913.88513  
7904.889206  
7918.014939  
7952.261082  
7918.985872  
7946.307267  
7931.85992  
7919.374972  
7846.687673  
8004.500906  
7881.215481  
7934.077194  
7923.514443  
7921.950793  
7919.970501  
7968.918185  
7900.295428  
7881.544349  
7935.470459  
7879.254904  
7928.179203  
7899.546044  
7952.545987  
7891.63179  
7955.611965  
7962.385215  
7877.820496  
7908.564004  
7922.611565  
7931.405397  
7905.490019  
7952.200715  
7897.491317  
7889.121387  
7847.689347  
7910.948076  
7897.793478  
7897.577527  
7866.572351  
7941.809676  
7930.370662  
7924.855126  
7881.234138  
7914.066948  
7897.092119  
7907.001981  
7916.23106  
7914.176935  
7957.765936  
7868.551393  
7905.609524  
7937.12069  
7891.614357  
7929.139903  
7916.378216  
7945.951515  
7995.736275  
7897.05893  
7930.839363  
7903.062259  
7942.181435  
8009.968672  
7938.239176  
7899.828075  
7934.97266  
7830.27106  
7881.023554  
7939.510112  
7936.204763  
7935.802218  
7889.063013  
7906.3761  
7887.273813  
7922.984379  
7881.475993  
7942.371115  
7921.766563  
7932.19774  
7943.685975  
7898.912944  
7904.745209  
7932.107701  
7853.997647  
7970.346188  
7914.287286  
7945.108933  
7988.371946  
7927.019337  
7922.923832  
7941.815345  
7861.091217  
7921.348827  
7903.608476  
7929.748316  
7903.013523  
7852.018579  
7923.863469  
7916.330131  
7883.287973  
7888.767284  
7934.099118  
7907.717565  
7899.174277  
7909.529435  
7934.537191  
7897.141552  
7914.58679  
7870.024418  
7910.773133  
7956.30393  
7934.073971  
7897.834529  
7873.413181  
7934.778787  
7919.89905  
7885.405571  
7955.074445  
7941.585092  
7882.31711  
7900.129543  
7966.191781  
7905.540404  
7934.749395  
7955.278359  
7975.55323  
7909.17007  
7941.936608  
7932.454402  
7828.852543  
7920.838768  
7901.003174  
7909.8255  
7910.624437  
7946.741229  
7912.68474  
7963.330121  
7958.345385  
7930.447697  
7937.192991  
7944.35613  
7919.124009  
7928.845098  
7949.821533  
7934.321565  
7893.567694  
7958.312574  
7942.618872  
7911.290669  
7899.77929  
7921.984938  
8018.22963  
7924.665149  
7834.972646  
7884.499409  
7911.559464  
7902.036158  
7889.128149  
7883.187921  
7978.218007  
7915.77187  
7934.413967  
7960.020508  
7947.602847  
7906.976333  
7915.676025  
7931.480023  
7934.358473  
7971.254901  
7938.941686  
7940.620475  
7892.124352  
7912.574081  
7879.623889  
7922.79248  
7944.693706  
7932.114056  
7916.773183  
7917.405486  
7925.184181  
7863.484587  
7829.072503  
7951.628559  
7943.481693  
7856.562585  
7940.25288  
7940.014252  
7955.911097  
7910.574332  
7938.543867  
7935.397178  
7905.619693  
7882.605989  
7906.820921  
7885.962211  
7922.245531  
7925.87213  
7956.128287  
7899.590219  
7909.997757  
7925.210842  
7918.248309  
7918.941994  
7914.223219  
7883.461235  
7905.163489  
7914.085725  
7894.486066  
7958.225175  
7892.989505  
7956.118734  
7892.652503  
7915.149152  
7903.034905  
7905.319293  
7932.278083  
7846.71518  
7889.980759  
7974.712119  
7932.253839  
7921.271141  
7925.521753  
7952.484471  
7939.029414  
7933.848403  
7952.198458  
7894.330227  
7876.392295  
7929.328359  
7896.673  
7923.981958  
7972.474524  
7934.967848  
7939.868974  
7893.147079  
7949.47554  
7943.527323  
7896.140009  
7996.156876  
7868.479556  
7874.923386  
7896.752222  
7926.506808  
7933.663663  
7924.656445  
7938.306018  
7984.882901  
7936.06734  
7933.427947  
7927.191042  
7896.412223  
7941.072832  
7920.623238  
7916.006684  
7865.461429  
7855.14664  
7967.35958  
7891.018119  
7865.571289  
7925.20126  
7895.591033  
7894.961461  
7925.259645  
7937.745499  
7884.882342  
7935.11085  
7953.250909  
7885.859279  
7897.662403  
7980.998174  
7903.585739  
7986.098304  
7905.589387  
7882.988179  
7888.183042  
7965.654859  
7960.063682  
7947.167459  
7911.833001  
7966.775681  
7842.68733  
7900.973392  
7876.368843  
7905.65176  
7908.127555  
7920.020688  
7927.818197  
7898.278299  
7915.357057  
7949.820008  
7911.615167  
7922.295647  
7918.62236  
7901.351573  
7916.074417  
7966.281133  
7971.403724  
7940.750973  
7892.893597  
7915.868698  
7978.958372  
7895.609417  
7876.775787  
7937.331907  
7869.693044  
7891.731654  
7957.322004  
7911.079271  
7855.158345  
7857.627827  
7905.398568  
7906.893165  
7953.39917  
7934.887239  
7991.776098  
7903.803442  
7942.087307  
7956.841631  
7887.096641  
7899.400345  
7857.736809  
7922.208015  
7972.509313  
7925.997311  
7876.280199  
7885.200687  
7942.39779  
7969.437978  
7920.209749  
7969.619342  
7948.936573  
7884.897772  
7873.014213  
7881.852635  
7939.222731  
7932.921741  
7900.623917  
7868.339639  
7927.312914  
7929.352012  
7912.755736  
7984.770982  
7949.945068  
7919.737644  
7931.97162  
7930.638  
7857.538443  
7882.675098  
7915.372449  
7849.525684  
7915.664484  
7961.707116  
7948.566424  
7931.636634  
7907.291607  
7942.595176  
7923.804528  
7850.014818  
7899.667063  
7907.258414  
7912.222766  
7934.708747  
7941.529435  
7888.229577  
7936.813643  
7933.51957  
7885.481838  
7915.299316  
7879.754872  
7896.33937  
7913.912934  
7898.65527  
7964.632062  
7892.724259  
7935.532382  
7893.825531  
7937.024885  
7920.638201  
7920.72773  
7890.061293  
7928.661373  
7879.844992  
7892.46916  
7888.433081  
7933.952474  
7872.559549  
7886.520904  
7887.081547  
7958.171373  
7929.726902  
7946.335053  
7959.301825  
7910.532757  
7902.27768  
7872.951699  
7955.343566  
7918.811743  
7924.352334  
7949.710693  
7875.72905  
7941.89997  
7930.519089  
7937.528391  
7893.985907  
7887.436817  
7982.389602  
7959.317754  
7924.235153  
7912.044097  
7922.717827  
7950.324909  
7910.734103  
7925.22951  
7913.852918  
7919.748146  
7923.943228  
7882.952722  
7890.838949  
7884.181641  
7971.868964  
7904.716309  
7924.45729  
7926.39687  
7930.634851  
7889.787438  
7876.069014  
7952.133913  
7919.509132  
7904.547448  
7894.670856  
7893.730164  
7962.875987  
7928.053651  
7932.002916  
7902.949693  
7937.900875  
7911.840604  
7902.198087  
7879.648529  
7909.840796  
7907.519376  
7886.069354  
7886.452343  
7934.025518  
7925.244594  
7861.907361  
7921.726757  
7932.151102  
7889.339539  
7878.965346  
7928.304896  
7917.963414  
7960.636998  
7963.184305  
7925.925718  
7917.305873  
7966.178095  
7924.834834  
7914.811693  
7912.09105  
7924.885816  
7890.582134  
7989.38536  
7900.260795  
7945.307108  
7896.930137  
7937.584618  
7909.443441  
7950.99758  
7894.777216  
7886.322096  
7932.920743  
7904.670056  
7873.278048  
7867.196158  
7911.173948  
7951.382774  
7920.180399  
7868.060954  
7947.021753  
7926.404092  
7876.252275  
7926.106597  
7949.640381  
7900.507512  
7936.752017  
7947.335916  
7899.836783  
7923.602854  
7928.703068  
7935.087063  
7928.255852  
7919.446622  
7884.89698  
7923.641067  
7904.737726  
8001.781936  
7887.933006  
7931.616016  
7921.018452  
7897.506751  
7908.767773  
7880.979428  
7910.684747  
7930.630159  
7911.625354  
7852.850002  
7930.645858  
7940.070132  
7936.409576  
7883.953291  
7930.331087  
7948.099408  
7968.475487  
7909.028879  
7920.330796  
7914.747123  
7869.72537  
7920.477408  
7949.747084  
7916.627141  
7894.954749  
7930.878457  
7950.166157  
7878.465643  
7898.360589  
7932.104492  
7911.192577  
7902.804606  
7920.966432  
7972.744714  
7883.224093  
7920.377017  
7906.361961  
7917.643367  
7930.934676  
7879.73256  
7910.842508  
7979.641902  
7858.938063  
7919.33017  
7888.370577  
7934.679199  
7976.653911  
7926.21621  
7934.129433  
7930.687557  
7902.284095  
7910.168998  
7921.726152  
7872.171843  
7968.369374  
7963.76779  
7897.764383  
7955.620931  
7903.224404  
7942.571639  
7925.683279  
8003.978544  
7897.200804  
7947.346152  
7892.704477  
7885.014362  
7917.840523  
7911.713917  
7915.776477  
7903.784427  
7902.699095  
7937.457134  
7877.329898  
7909.676712  
7908.721336  
7933.843478  
7907.644821  
7945.361976  
7917.685625  
7945.428806  
7972.510066  
7977.26346  
7939.579976  
7925.063484  
7880.460092  
7890.695864  
7971.534834  
7921.612464  
7844.402988  
7894.792516  
7920.136418  
7916.926372  
7901.733165  
7943.317669  
7877.919338  
7897.994123  
7847.503453  
7910.79869  
7938.410174  
7897.005665  
7954.860033  
7881.977804  
7876.258842  
7930.378192  
7901.182157  
7970.65515  
7877.875648  
7916.096471  
7901.896619  
7889.203525  
7903.966167  
7943.463885  
7910.752342  
7919.254607  
7878.560557  
7908.194683  
7918.324587  
7949.357164  
7893.417374  
7952.60526  
7972.425378  
7902.203836  
7955.168775  
7923.296373  
7926.926959  
7894.574721  
7882.410892  
7976.820992  
7960.976035  
7933.275419  
7871.444109  
7928.751345  
7913.132367  
7968.106569  
7921.979605  
7952.092497  
7890.661872  
7906.909679  
7951.575457  
7923.770119  
7909.903908  
7916.649004  
7919.436743  
7896.246936  
7911.634787  
7900.737775  
7935.312794  
7924.420191  
7914.75322  
7962.516651  
7909.650185  
7940.033928  
7873.16886  
7926.809004  
7875.80789  
7859.905854  
7937.726347  
7918.471347  
7887.130339  
7905.231021  
7933.553736  
7935.543882  
7903.568954  
7884.788015  
7915.977157  
7898.792802  
7892.360083  
7945.150274  
7932.68877  
7920.408564  
7895.021559  
7903.158875  
7913.012186  
7851.003046  
7882.824031  
7985.852263  
7895.768969  
7934.737163  
7937.031013  
7904.584129  
7871.952453  
7964.138753  
7961.588793  
7898.968308  
7923.300067  
7919.434362  
7891.920145  
8001.371179  
7897.417955  
7917.227564  
7922.92909  
7908.197832  
7893.622304  
7909.081999  
7964.274046  
7907.554504  
7817.900111  
7998.225547  
7964.065072  
7910.513414  
7897.965474  
7929.602334  
7909.09738  
7930.652032  
7978.230302  
7905.480426  
7919.864449  
7904.671238  
7903.515356  
7907.856268  
7920.349974  
7961.292095  
7933.052044  
7947.326151  
7870.665687  
7945.197255  
7898.452003  
7921.943805  
7864.231169  
7968.957176  
7979.501483  
7926.967483  
7931.658667  
7924.704073  
7888.24418  
7817.621377  
7926.570001  
7909.734449  
7946.932854  
7974.549564  
7941.043453  
7886.268392  
7855.975625  
7908.742297  
7920.755127  
7891.869894  
7923.33045  
7903.854  
7848.642072  
7928.785712  
7886.280355  
7928.921539  
7883.543319  
7941.789866  
7860.685862  
7891.10492  
7898.885275  
7867.15965  
7888.076717  
7941.920608  
7913.802469  
7985.210067  
7907.661688  
7925.365762  
7897.103296  
7966.816445  
7925.420566  
7952.255268  
7929.09346  
7947.068554  
7905.615581  
7898.359782  
7931.177543  
7959.950861  
7941.776703  
7915.932472  
7950.402931  
7902.747488  
7950.491416  
7915.374954  
7871.300286  
7934.200305  
7904.139748  
7960.50241  
7903.567397  
7937.396453  
7928.240355  
7903.266131  
7904.509964  
7907.527443  
7916.513017  
7940.925838  
7940.26352  
7945.735408  
7864.173701  
7892.277489  
7908.818536  
7941.418301  
7940.86257  
7956.756737  
7897.682178  
7920.814952  
7870.436046  
7899.717996  
7950.771194  
7896.926181  
7977.600225  
7936.495439  
7902.988161  
7901.675594  
7920.743334  
7897.746713  
7952.695083  
7946.703472  
7904.332859  
7926.963977  
7913.928736  
7969.126797  
7890.614654  
7909.039859  
7911.391548  
7903.561039  
7923.753683  
7915.194718  
7912.263148  
7891.320412  
7871.509819  
7934.223442  
7934.193469  
7932.398894  
7964.415053  
7942.065377  
7893.854888  
7886.884695  
7933.724563  
7917.188597  
7923.291217  
7957.212296  
7947.198306  
7871.646453  
7923.805409  
7855.518346  
7909.886712  
7910.112602  
7909.129929  
7881.181446  
7916.647783  
7877.236551  
7936.572708  
7938.088828  
7948.363363  
7916.772277  
7914.277655  
7908.380201  
7937.369105  
7933.131489  
7894.260693  
7847.35509  
7899.169536  
7893.866048  
7922.857747  
7959.79863  
7940.635622  
7944.032163  
7923.573607  
7916.585343  
7900.107896  
7947.992004  
7909.3468  
7894.476842  
7941.675427  
7926.854103  
7922.178902  
7926.051132  
7950.303346  
7892.682437  
7935.604704  
7931.056421  
7940.771254  
7938.934471  
7892.457141  
7909.700312  
7889.391442  
7920.356332  
