88.864840    15.081324    1.000000
133.367017    11.934029    1.000000
165.992949    10.629369    1.000000
206.488915    11.653292    1.000000
247.694436    18.615235    1.000000
306.100465    28.389032    1.000000
357.519768    8.092259    1.000000
386.128089    6.925124    1.000000
412.365518    9.159788    1.000000
446.107484    10.441460    1.000000
493.239910    9.227312    1.000000
520.521469    8.585566    1.000000
548.532393    6.034465    1.000000
575.624115    9.197602    1.000000
605.789028    11.440730    1.000000
654.621040    24.470020    1.000000
707.123157    13.256080    1.000000
742.844890    12.254403    1.000000
781.113671    11.606675    1.000000
815.148034    11.861028    1.000000
866.284561    8.360633    1.000000
897.560830    10.488318    1.000000
935.766278    10.620443    1.000000
969.908311    10.918815    1.000000
1009.913987    4.700446    1.000000
1053.489854    18.007733    1.000000
1094.639849    13.028952    1.000000
1128.280976    6.193963    1.000000
1157.849950    4.934099    1.000000
1188.101260    11.019306    1.000000
1236.812352    7.659769    1.000000
1265.312554    9.484699    1.000000
1298.172103    7.998197    1.000000
1328.948269    9.226585    1.000000
1364.914448    11.766338    1.000000
1410.589607    9.543436    1.000000
1447.901697    9.933989    1.000000
1481.280267    6.497124    1.000000
1516.603837    11.593626    1.000000
1558.572617    10.461522    1.000000
1607.407735    30.052306    1.000000
1666.049352    9.331655    1.000000
1704.497614    7.156274    1.000000
1739.343100    9.198641    1.000000
1773.728657    8.084482    1.000000
1819.018731    6.763119    1.000000
1846.028470    10.161473    1.000000
